country_code,DZA,AGO,ARG,AUS,AUT,BHR,BGD,BEL,BEN,BWA,BRA,BGR,BFA,KHM,CMR,CAN,CHL,CHN,COL,CIV,DNK,DOM,EGY,SLV,EST,ETH,FRA,DEU,GHA,GRC,GTM,HND,HUN,IND,IDN,IRN,IRL,ITA,JAM,JPN,JOR,KAZ,KEN,KWT,LBN,LBR,LTU,MDG,MWI,MYS,MLI,MEX,MNG,MAR,MOZ,MMR,NAM,NLD,NZL,NGA,OMN,PAK,PAN,PRY,PER,PHL,POL,PRT,QAT,ROU,RUS,RWA,SAU,SEN,SGP,ZAF,KOR,ESP,LKA,SWE,CHE,TZA,THA,TTO,TUN,TUR,ARE,UGA,GBR,USA,VEN,VNM,ZMB,ZWE,HRV,FIN,LUX,NOR,SVK,UKR
DZA,1,0.469983015,0.508183093,0.334708344,0.453413722,0.707342464,0.509728012,0.46144384,0.70861818,0.638039291,0.424678985,0.606230139,0.678859909,0.484004042,0.647725987,0.296086775,0.482964186,0.176771913,0.386216151,0.600263868,0.335117924,0.572083082,0.623803027,0.439440639,0.426687918,0.631432296,0.346914126,0.408128672,0.736223969,0.408787217,0.424649812,0.596044307,0.331839446,0.286504534,0.268007244,0.626879276,0.422613014,0.452018395,0.597195893,0.312524197,0.090590015,0.398546606,0.601284274,0.767344444,0.556088008,0.280990593,0.328831586,0.581826507,0.317756805,0.314440857,0.652784212,0.42560185,0.427961671,0.428504664,0.763782969,0.320718043,0.347298369,0.310185342,0.328889756,0.349942431,0.520532938,0.629892875,0.541838315,0.491520293,0.523309154,0.26860586,0.391521959,0.374418244,0.497931727,0.607948455,0.381261088,0.388830106,0.320929036,0.756419631,0.429882575,0.347621474,0.374290826,0.511434285,0.371876274,0.331673261,0.445230803,0.708767128,0.307147289,0.671545769,0.41722031,0.416172907,0.381411689,0.652080501,0.25828071,0.462766057,0.383770325,0.700946614,0.464824093,0.487878719,0.054988276,-0.137602367,-0.102602022,-0.096231773,-0.021233124,-0.070231837
AGO,0.469983015,1,0.340923644,0.404648389,0.43028218,0.478710048,0.705635373,0.368296826,0.569304854,0.474369517,0.573822133,0.568613773,0.518787144,0.650364969,0.49990146,0.160261766,0.367530892,0.370414012,0.654757241,0.608469685,0.29409872,0.640352149,0.459159262,0.668521354,0.377876261,0.454923064,0.441426083,0.494442319,0.430246968,0.401960214,0.567543605,0.711485687,0.417691934,0.363180715,0.382924227,0.543341463,0.055619373,0.51039415,0.59070091,0.281060012,0.147977087,0.198753465,0.635313352,0.452253545,0.424754664,0.468353149,0.38226997,0.555349315,0.49646608,0.316523278,0.515203989,0.526317892,0.326317061,0.505452745,0.674099201,0.709543508,0.460483919,0.379569093,0.229014237,0.565225159,0.572354626,0.681108541,0.652228715,0.557764696,0.529432569,0.243323341,0.477883082,0.480553869,0.292056322,0.242166365,0.355295053,0.686513293,0.242390736,0.570533851,0.077123216,0.514806356,0.333539842,0.369026001,0.620982976,0.313890924,0.125622673,0.418832872,0.304842678,0.520675998,0.626506757,0.533717975,-0.07746908,0.522192336,0.276230591,0.051504212,0.154364192,0.636670386,0.531065004,0.683864122,-0.031702102,0.029440681,-0.027825518,-0.083941383,-0.019700573,-0.064548592
ARG,0.508183093,0.340923644,1,0.585441902,0.499715002,0.526611487,0.640655721,0.42378701,0.351057811,0.476598557,0.659505743,0.523968771,0.271989593,0.406685402,0.265038516,0.502924977,0.493375869,0.371607198,0.542796024,0.320095219,0.453936357,0.648376186,0.72222261,0.365788003,0.543859625,0.367555283,0.56172818,0.505823309,0.48152629,0.52810585,0.353951388,0.436342153,0.394286562,0.554218808,0.630358495,0.631387157,0.402471322,0.642992553,0.448885895,0.74949292,0.348357121,0.542169437,0.598133945,0.648495517,0.431314804,0.359217889,0.541341078,0.245188487,0.560992708,0.657904446,0.302576202,0.671814083,0.252737282,0.60674766,0.438788807,0.487829751,0.439184941,0.520632354,0.404608156,0.710828887,0.655045779,0.453545778,0.534357641,0.426217393,0.70445104,0.512566967,0.622042073,0.608375256,0.332323724,0.5527608,0.697340533,0.524433093,0.582669061,0.532028493,0.292161644,0.726887434,0.63004872,0.561745718,0.38322786,0.508571599,0.380917385,0.402661134,0.573657797,0.51412458,0.514207884,0.605660277,0.178563437,0.547551288,0.571109383,0.389624644,0.277739099,0.558124768,0.591466903,0.439136903,-0.03479521,-0.188207115,-0.125354482,-0.210021775,-0.09191988,0.09171095
AUS,0.334708344,0.404648389,0.585441902,1,0.645553227,0.487306544,0.48793887,0.730516164,0.193176074,0.337966567,0.789354069,0.730605467,0.088578442,0.202370036,0.123627639,0.793261122,0.631564568,0.494252416,0.509533362,0.167749014,0.580616883,0.517151383,0.565965759,0.402149136,0.706216883,0.184403017,0.82988365,0.758468757,0.3184589,0.749391561,0.229439895,0.365882685,0.619879639,0.503556754,0.53672479,0.367519142,0.55258115,0.850760154,0.427959148,0.648014415,0.242431013,0.4804706,0.579605042,0.559239127,0.34716876,0.323925711,0.761582135,0.212099374,0.358451464,0.585991748,0.126161793,0.703944753,0.134477515,0.586086761,0.264077006,0.448020085,0.293615107,0.760021958,0.825240376,0.531172968,0.692039916,0.498245586,0.461642277,0.51575432,0.67904008,0.516626003,0.749840528,0.844133321,0.275553315,0.467000383,0.640039884,0.453389251,0.44447454,0.333039071,0.374517101,0.616060238,0.757567093,0.68592344,0.312437076,0.693375677,0.47393645,0.246414717,0.510681575,0.347881356,0.376369303,0.822797946,0.118095176,0.506252836,0.922703324,0.582448621,0.131522026,0.505193538,0.387530435,0.463190841,0.234141967,0.220327249,0.270943118,0.191894507,0.256001986,0.186098283
AUT,0.453413722,0.43028218,0.499715002,0.645553227,1,0.589877695,0.435725869,0.694172209,0.305353719,0.420820372,0.629431008,0.677244267,0.196411556,0.22065746,0.24272258,0.655142317,0.563691013,0.598329839,0.535586978,0.201902025,0.744089234,0.429217971,0.502727256,0.290882269,0.864368157,0.282163221,0.686232984,0.75872143,0.361754814,0.589528597,0.320543361,0.461868903,0.605958314,0.571659829,0.511783796,0.382061778,0.575740706,0.766407967,0.412183231,0.566978925,0.452743517,0.664973244,0.591939446,0.551401261,0.371531812,0.270756551,0.672103915,0.312220452,0.201523916,0.552843034,0.276892677,0.589149464,0.279767097,0.366470061,0.366976471,0.25840482,0.201343682,0.752415207,0.530094782,0.311725472,0.542805378,0.527169542,0.44917808,0.395281178,0.694027759,0.342677791,0.577556275,0.669808034,0.404673968,0.544011827,0.670659063,0.275195488,0.462482209,0.356680216,0.499556801,0.474165136,0.715150167,0.733991883,0.257081668,0.843694095,0.651875875,0.359186634,0.640853396,0.348917647,0.287107666,0.694226155,0.369976927,0.433815295,0.64484783,0.522765822,0.193522752,0.651320965,0.278139374,0.28078892,0.186189177,0.291842808,0.290331958,0.25748596,0.165855511,0.259886112
BHR,0.707342464,0.478710048,0.526611487,0.487306544,0.589877695,1,0.475402364,0.551381807,0.532112715,0.53975153,0.525062408,0.610321245,0.419872537,0.405027059,0.496038214,0.456208714,0.495173285,0.325230278,0.361940083,0.466861324,0.472568579,0.573237184,0.578725193,0.438803126,0.564712311,0.491894252,0.476228278,0.518510809,0.601903033,0.390120015,0.431852561,0.46454089,0.572996476,0.318452504,0.288038656,0.539288297,0.440519071,0.551497619,0.52512683,0.446712905,0.185944611,0.460371721,0.592699843,0.725141922,0.607480875,0.285158733,0.405373017,0.439672879,0.280096617,0.363408859,0.453879864,0.489376008,0.309669235,0.397768629,0.59049242,0.316417511,0.340956895,0.423036371,0.327622025,0.36437218,0.592269673,0.498979505,0.447398113,0.442198705,0.528870469,0.311044529,0.451678863,0.529283112,0.40565942,0.535274984,0.48950555,0.316178588,0.415075483,0.545619219,0.581624893,0.427023802,0.529066769,0.641329177,0.420374952,0.497887582,0.511576121,0.584719854,0.404549659,0.542715055,0.526142706,0.522675543,0.439718362,0.549910226,0.382211233,0.460627899,0.301649019,0.648559836,0.387529573,0.415464709,0.182250461,0.022908416,0.024877071,0.071058632,0.004413296,0.042691769
BGD,0.509728012,0.705635373,0.640655721,0.48793887,0.435725869,0.475402364,1,0.39818965,0.441209288,0.544891388,0.650778713,0.575569656,0.413349907,0.745071989,0.384825581,0.248803511,0.473024858,0.475977361,0.713639741,0.377061117,0.290622359,0.678118986,0.689307598,0.583388455,0.524580467,0.41655945,0.561525263,0.507320023,0.490548325,0.484932105,0.558892044,0.619695187,0.459644313,0.560984845,0.696912105,0.583092395,0.061323133,0.581071166,0.495156481,0.56822298,0.224116281,0.462216106,0.66302166,0.448110379,0.396355878,0.463428967,0.556519813,0.45235438,0.644836598,0.69615351,0.394443544,0.720449948,0.176135692,0.721056971,0.534230782,0.668670971,0.666320262,0.373686691,0.348924203,0.826512935,0.743817158,0.709932277,0.560838622,0.571610335,0.587375952,0.569510779,0.625697538,0.569103212,0.146065007,0.260711398,0.541928314,0.764778535,0.56969128,0.479454401,0.097775357,0.805514025,0.447495965,0.492167496,0.600270655,0.395577873,0.091263802,0.465594966,0.47866812,0.446538547,0.589057388,0.616646637,-0.082699258,0.564430158,0.416218688,0.110714245,0.132186389,0.684577217,0.577777668,0.605082381,0.000845895,-0.043610502,-0.030284801,-0.123234018,0.052222946,0.051608534
BEL,0.46144384,0.368296826,0.42378701,0.730516164,0.694172209,0.551381807,0.39818965,1,0.230135466,0.496686737,0.710312275,0.684675057,0.176646768,0.299901724,0.192967263,0.73195731,0.784717295,0.522542156,0.51112544,0.247327435,0.658167179,0.519352174,0.570958395,0.456368132,0.685281459,0.252052979,0.768399327,0.836161665,0.45466534,0.657554928,0.305292088,0.362193078,0.530580258,0.457238808,0.483472299,0.341499911,0.605712984,0.767814352,0.580772192,0.540957165,0.389930072,0.545894846,0.558141082,0.500866684,0.267745709,0.217564883,0.747116191,0.381885871,0.330344989,0.488278705,0.21779928,0.663536815,0.28703318,0.518877368,0.368485556,0.299351219,0.310020318,0.811299482,0.640874158,0.35395071,0.595530322,0.48073899,0.456679284,0.498561009,0.673315097,0.422261936,0.623733989,0.708090749,0.480901983,0.592855062,0.568233388,0.335980504,0.382313261,0.395475217,0.57897298,0.560337496,0.685184677,0.722680661,0.326504353,0.652417459,0.687835433,0.344932701,0.550635729,0.443327751,0.338450712,0.740927412,0.330258172,0.471820253,0.702928424,0.630919631,0.359094932,0.469491455,0.342645525,0.468299515,0.177291667,0.245064713,0.219725215,0.293686245,0.115791086,0.0657344
BEN,0.70861818,0.569304854,0.351057811,0.193176074,0.305353719,0.532112715,0.441209288,0.230135466,1,0.657252231,0.297774765,0.446781885,0.885321292,0.551975548,0.909072552,0.166317053,0.317857432,0.078886653,0.429920566,0.646289875,0.196769886,0.626333869,0.483942338,0.522454719,0.256349165,0.701583279,0.16503258,0.249210835,0.840779177,0.241420188,0.521377248,0.690020922,0.268626667,0.226700546,0.139038616,0.60732438,0.383774287,0.294588677,0.66940529,0.181172184,0.109974694,0.249086149,0.618342426,0.546512785,0.542979719,0.464960083,0.151239741,0.686660114,0.487737884,0.181607664,0.796998734,0.287413761,0.600030929,0.420855059,0.841193753,0.36189852,0.484905637,0.169370774,0.105191125,0.351172058,0.347655342,0.521785466,0.635252029,0.492687509,0.378842605,0.153163976,0.224436319,0.232878187,0.481313556,0.453011742,0.261312671,0.556010149,0.117702767,0.831300607,0.27893591,0.259125395,0.210820419,0.323782531,0.377770524,0.190352116,0.398865709,0.810632887,0.15643987,0.709942356,0.619586118,0.301609876,0.146452945,0.619788703,0.07053996,0.276767485,0.312303991,0.54337901,0.65650185,0.553548262,0.008327915,-0.085208054,-0.153439094,-0.126564252,-0.064463038,-0.088762495
BWA,0.638039291,0.474369517,0.476598557,0.337966567,0.420820372,0.53975153,0.544891388,0.496686737,0.657252231,1,0.496691846,0.582047156,0.586717325,0.560314762,0.60075954,0.376351095,0.60808049,0.1853476,0.405155969,0.523094541,0.183592778,0.614298598,0.595854845,0.543642117,0.434472547,0.565123411,0.374567423,0.455080044,0.758572904,0.448199125,0.54482341,0.588730492,0.240025443,0.397925343,0.391664062,0.667147529,0.393534762,0.45421765,0.708607284,0.441042443,0.281697229,0.526887288,0.666076905,0.596004444,0.424614288,0.377954474,0.370123932,0.523859367,0.517080317,0.401138551,0.509144542,0.60775088,0.523864023,0.568765713,0.637184037,0.437529203,0.530652931,0.369763388,0.273459234,0.501683289,0.510135379,0.45359619,0.620365739,0.663456325,0.587449753,0.436925865,0.443304181,0.395852086,0.480165969,0.477134837,0.551970884,0.587812282,0.259329742,0.681792699,0.393923733,0.537160131,0.419127373,0.470515031,0.329829258,0.320224344,0.454139353,0.660878726,0.472117217,0.663762754,0.461216148,0.504472081,0.268210342,0.688888376,0.276372928,0.387368214,0.409193064,0.578624274,0.62036611,0.542954283,0.026040593,-0.093400481,-0.139999324,-0.093887329,-0.030929839,-0.00154027
BRA,0.424678985,0.573822133,0.659505743,0.789354069,0.629431008,0.525062408,0.650778713,0.710312275,0.297774765,0.496691846,1,0.733476665,0.276503412,0.396860738,0.24152719,0.653409546,0.743488023,0.496192391,0.715717097,0.340360743,0.559440326,0.652523704,0.65900756,0.572216723,0.718008006,0.319450218,0.856215739,0.808161913,0.484624813,0.796034836,0.383956281,0.517507656,0.616530756,0.620923652,0.671908409,0.520471678,0.451520678,0.854245582,0.516059271,0.595115959,0.326396115,0.5268653,0.68030325,0.581921133,0.411024106,0.475939997,0.815799348,0.383187623,0.486379784,0.605274878,0.264946435,0.849332921,0.309928285,0.733689915,0.456500249,0.617320376,0.456778376,0.738795259,0.640534171,0.685899725,0.740391698,0.584106544,0.564022614,0.666210299,0.853030424,0.571318064,0.797708761,0.851818137,0.326028404,0.490942822,0.669527641,0.601245028,0.486446687,0.437040633,0.368326465,0.777217118,0.79780401,0.731837418,0.43344842,0.672377725,0.444444768,0.401256207,0.609295576,0.48896583,0.481185991,0.906661321,0.164659154,0.63606276,0.754847562,0.404456919,0.301337142,0.635875898,0.504817599,0.651191444,0.080046435,0.066820985,0.076438634,0.027134959,0.124386073,0.059130492
BGR,0.606230139,0.568613773,0.523968771,0.730605467,0.677244267,0.610321245,0.575569656,0.684675057,0.446781885,0.582047156,0.733476665,1,0.338673735,0.37643102,0.376083813,0.497587043,0.719285944,0.514998064,0.530099908,0.40368616,0.627015929,0.51859249,0.578905405,0.517544529,0.65346768,0.416916833,0.719315945,0.769174319,0.541821023,0.804379884,0.355570372,0.49864734,0.65139999,0.421631192,0.520044751,0.567983783,0.520594001,0.819632557,0.517295072,0.526899012,0.260569598,0.451444274,0.687298695,0.791528361,0.500284254,0.318402714,0.680545062,0.42246777,0.369466359,0.536612812,0.39438831,0.690412471,0.339587212,0.574688076,0.511356351,0.454959846,0.29693345,0.742012232,0.687172616,0.516737909,0.761662983,0.668745934,0.542020925,0.716097037,0.672581159,0.537789601,0.70056409,0.780355368,0.439163055,0.643507764,0.636512571,0.461701079,0.437655384,0.555594192,0.49492909,0.579226053,0.689450859,0.614843774,0.423569576,0.610908789,0.555129771,0.495628984,0.543571938,0.558119594,0.483260767,0.745619645,0.356981253,0.620122748,0.653079947,0.529158537,0.231486841,0.703551919,0.36370073,0.477921526,0.037064474,0.096641419,0.104391093,0.05590088,0.182305115,0.026585712
BFA,0.678859909,0.518787144,0.271989593,0.088578442,0.196411556,0.419872537,0.413349907,0.176646768,0.885321292,0.586717325,0.276503412,0.338673735,1,0.492387474,0.82227516,0.098291309,0.262870998,0.005337318,0.408557224,0.649394133,0.093776019,0.566658097,0.424752773,0.473431499,0.182510166,0.628871396,0.183316996,0.209671157,0.78901725,0.196350436,0.491056025,0.652013669,0.158648388,0.195476477,0.06098575,0.562498247,0.279992721,0.206126151,0.606663913,0.096922758,0.007648736,0.167471023,0.538468981,0.453931227,0.433553393,0.461566148,0.095193802,0.65089535,0.414690665,0.079437153,0.798418213,0.248536324,0.50628524,0.403133811,0.800698775,0.337658461,0.457599739,0.10065261,0.086419867,0.326299693,0.287757907,0.481045247,0.568799585,0.435945499,0.338800761,0.082200313,0.171676965,0.136186496,0.382194435,0.412944069,0.181653314,0.509324359,0.067495326,0.749780585,0.207929849,0.222850541,0.175482936,0.282061756,0.371307873,0.084938807,0.305662576,0.76869377,0.092469819,0.645950855,0.507975132,0.231619326,0.111163699,0.554946557,-0.013042117,0.201118352,0.306021057,0.517316406,0.577458808,0.522818431,-0.015337018,-0.119230827,-0.182238944,-0.154719238,-0.09047962,-0.123187306
KHM,0.484004042,0.650364969,0.406685402,0.202370036,0.22065746,0.405027059,0.745071989,0.299901724,0.551975548,0.560314762,0.396860738,0.37643102,0.492387474,1,0.600002036,0.081184491,0.364668099,0.311097012,0.63927073,0.431822812,0.077783076,0.700589948,0.550324424,0.589423526,0.196350655,0.492289204,0.237587668,0.305795952,0.46655825,0.19444631,0.628477017,0.594609608,0.207828258,0.274614125,0.457043009,0.533067543,-0.014011448,0.301633373,0.569023505,0.287977901,0.219692692,0.250793115,0.518796819,0.329773381,0.247507349,0.462019805,0.232072342,0.534084242,0.654808297,0.419022964,0.509960464,0.472174116,0.369288789,0.512673283,0.613588077,0.537156622,0.738590563,0.192609504,0.021253857,0.615246232,0.517718609,0.552219372,0.542960805,0.528119301,0.391395807,0.363659941,0.338155742,0.258364142,0.293603129,0.152405854,0.2878885,0.64981786,0.303551983,0.571653451,0.010685023,0.573246955,0.152278744,0.284630562,0.611973587,0.113182699,0.051697392,0.415853758,0.272998285,0.533751154,0.573781615,0.329074575,-0.088447577,0.443822368,0.108164525,0.028372465,0.259344041,0.524915687,0.606735147,0.613183592,-0.104291158,-0.130301411,-0.193744999,-0.146181866,-0.160438926,-0.125755042
CMR,0.647725987,0.49990146,0.265038516,0.123627639,0.24272258,0.496038214,0.384825581,0.192967263,0.909072552,0.60075954,0.24152719,0.376083813,0.82227516,0.600002036,1,0.093740783,0.260142507,0.040579355,0.367545117,0.569517378,0.109278619,0.573614402,0.413199061,0.492303074,0.213875288,0.769429094,0.131318309,0.209031888,0.792030272,0.182875749,0.576099097,0.611278461,0.19546815,0.181709155,0.084710589,0.573003531,0.30198804,0.206414906,0.614294298,0.101968193,0.12557161,0.173423924,0.548244828,0.480090488,0.471885764,0.529190634,0.096860888,0.645846062,0.395987208,0.11150422,0.738131086,0.248365653,0.618612682,0.355211105,0.771912453,0.283506473,0.544041122,0.095583946,0.041512705,0.293196902,0.30375188,0.451350687,0.561010565,0.529263857,0.31409164,0.080229383,0.144857557,0.172272103,0.452729483,0.366665819,0.184838119,0.486033779,0.076808715,0.734809211,0.245187839,0.208149117,0.15438745,0.259769204,0.430951262,0.13128658,0.347691543,0.787913064,0.083716374,0.643959077,0.555521513,0.248186563,0.081793451,0.556354856,-0.009274285,0.234097753,0.382400846,0.471819396,0.564325138,0.494169401,0.027538914,-0.045532501,-0.128748176,-0.091597075,-0.039498545,-0.069878254
CAN,0.296086775,0.160261766,0.502924977,0.793261122,0.655142317,0.456208714,0.248803511,0.73195731,0.166317053,0.376351095,0.653409546,0.497587043,0.098291309,0.081184491,0.093740783,1,0.623840005,0.410717853,0.406928214,0.163122014,0.530880127,0.511181549,0.551265006,0.171511724,0.703570263,0.217898038,0.72134657,0.643829971,0.331320313,0.60367959,0.125997176,0.264346574,0.431402887,0.526206642,0.408344497,0.274874632,0.697940158,0.672014152,0.412155637,0.585978374,0.348599741,0.626713303,0.465196668,0.417662271,0.203529146,0.258253325,0.630478187,0.237051775,0.281482517,0.457026663,0.093280252,0.526589034,0.201719669,0.36255198,0.278816768,0.274346659,0.217566293,0.701155562,0.653759193,0.304125849,0.451052552,0.22771409,0.355483663,0.279447316,0.656876818,0.395242662,0.564036798,0.658924474,0.414353637,0.538682106,0.594204855,0.252151555,0.360961301,0.324022401,0.529619286,0.456698456,0.794393594,0.794054371,0.073826696,0.733615842,0.655842499,0.239874017,0.519385894,0.345047638,0.130592546,0.671468821,0.3043611,0.530149621,0.816420352,0.706268558,0.211134951,0.35827685,0.389154153,0.357745371,0.270271243,0.154157046,0.18273166,0.245096348,0.102406202,0.182701516
CHL,0.482964186,0.367530892,0.493375869,0.631564568,0.563691013,0.495173285,0.473024858,0.784717295,0.317857432,0.60808049,0.743488023,0.719285944,0.262870998,0.364668099,0.260142507,0.623840005,1,0.449968815,0.523172143,0.364075768,0.540833018,0.521290817,0.555911188,0.412981922,0.601490077,0.318303848,0.689238791,0.671051164,0.509790395,0.718696973,0.261199008,0.310955955,0.475362902,0.475731489,0.559802283,0.469458909,0.58887262,0.722874611,0.476439703,0.508501709,0.250449305,0.584362224,0.483396056,0.567448286,0.336502144,0.219533528,0.703002158,0.424284272,0.385743771,0.525639219,0.310287367,0.747206382,0.37358006,0.572225145,0.435677341,0.367739511,0.349930721,0.67106574,0.659123943,0.4297749,0.560258402,0.426360964,0.413026106,0.597536176,0.707991367,0.595667708,0.665178404,0.691416753,0.483587458,0.649350629,0.57166162,0.398326957,0.386599849,0.472184645,0.600965953,0.616567305,0.648351171,0.694726322,0.26866068,0.574133961,0.667263354,0.381685614,0.607801361,0.548189482,0.318933802,0.730390019,0.328476564,0.557403878,0.606697751,0.546931489,0.400729632,0.466605514,0.405349202,0.489070011,0.050200309,0.053760312,0.054029307,0.112281384,0.130544943,-0.018281889
CHN,0.176771913,0.370414012,0.371607198,0.494252416,0.598329839,0.325230278,0.475977361,0.522542156,0.078886653,0.1853476,0.496192391,0.514998064,0.005337318,0.311097012,0.040579355,0.410717853,0.449968815,1,0.639954084,0.066978461,0.590789383,0.343927795,0.344038504,0.204815858,0.579397054,0.127770239,0.541067245,0.568560486,0.140983657,0.444156552,0.155812092,0.272368051,0.441703495,0.545268875,0.60178139,0.273635248,0.270482761,0.50964094,0.191523608,0.455748664,0.339818859,0.452284006,0.3345445,0.274395212,0.126651182,0.186213311,0.546262303,0.157289502,0.298703754,0.62397927,0.067288182,0.528699973,0.104958191,0.257678523,0.204454938,0.318059985,0.189000696,0.609973546,0.359032123,0.381721809,0.478490727,0.343820351,0.243563454,0.292836108,0.479203724,0.393446157,0.405789879,0.492804083,0.347610205,0.211643974,0.404081379,0.269085955,0.569560529,0.14947768,0.291602378,0.517242551,0.512134375,0.470577447,0.259066901,0.629449255,0.368488681,0.124046674,0.528778957,0.15661771,0.27833594,0.547694118,0.241921655,0.190600456,0.48528293,0.372447288,0.017782774,0.395638307,0.108834987,0.173967564,-0.075880877,0.127360992,0.105131974,0.086852825,0.042170271,0.003861177
COL,0.386216151,0.654757241,0.542796024,0.509533362,0.535586978,0.361940083,0.713639741,0.51112544,0.429920566,0.405155969,0.715717097,0.530099908,0.408557224,0.63927073,0.367545117,0.406928214,0.523172143,0.639954084,1,0.349729838,0.489588981,0.721829807,0.546873263,0.58703879,0.557693308,0.312638018,0.588545442,0.592938622,0.400127443,0.576653456,0.508946063,0.632743866,0.441502034,0.602399038,0.660298585,0.511847819,0.252956439,0.599843189,0.52057387,0.455192266,0.404440922,0.44368721,0.53900207,0.34393792,0.3471494,0.436806571,0.584385034,0.482825788,0.549943257,0.59156941,0.403487112,0.624199229,0.37183077,0.520820183,0.553027918,0.54953416,0.535482283,0.570929693,0.334590965,0.626529008,0.593489302,0.537364082,0.57840299,0.455625948,0.698804613,0.546397538,0.508196786,0.568193974,0.442543758,0.27744847,0.441026001,0.621504234,0.500598461,0.498450316,0.206092935,0.685817789,0.5143988,0.544354395,0.561663468,0.561054158,0.283376478,0.32856036,0.482733788,0.504586682,0.597891684,0.633736974,0.105503107,0.452584783,0.460873416,0.220999994,0.194202098,0.542072255,0.489158452,0.615877749,-0.100896424,0.053045261,-0.034949391,-0.047747132,-0.018692029,-0.058855874
CIV,0.600263868,0.608469685,0.320095219,0.167749014,0.201902025,0.466861324,0.377061117,0.247327435,0.646289875,0.523094541,0.340360743,0.40368616,0.649394133,0.431822812,0.569517378,0.163122014,0.364075768,0.066978461,0.349729838,1,0.075827509,0.604918951,0.431988669,0.46563671,0.149524559,0.484811333,0.250964248,0.302241812,0.544230335,0.312232763,0.383090122,0.583777951,0.200392761,0.233746263,0.139016487,0.60157849,0.227484077,0.288398128,0.552415817,0.244045923,-0.029432395,0.110515802,0.493781818,0.551909583,0.502845879,0.274921682,0.151080113,0.52596607,0.336678201,0.016871192,0.654753367,0.289328062,0.581381063,0.305341623,0.738492003,0.527857034,0.204001248,0.131152342,0.151675122,0.324910772,0.306974168,0.364954783,0.546120405,0.460147922,0.409846159,0.098669681,0.34776215,0.253537782,0.464190174,0.474084549,0.313271153,0.389145054,0.103207148,0.686746341,0.267893782,0.267864707,0.248402026,0.283580123,0.430747139,0.103732279,0.323700965,0.442565032,0.236436736,0.678647184,0.473566686,0.303536534,0.129598983,0.530020354,0.053021298,0.234304613,0.321351201,0.495532636,0.503338118,0.574262676,-0.139064511,-0.271098622,-0.320785998,-0.276298177,-0.232793665,-0.279654764
DNK,0.335117924,0.29409872,0.453936357,0.580616883,0.744089234,0.472568579,0.290622359,0.658167179,0.196769886,0.183592778,0.559440326,0.627015929,0.093776019,0.077783076,0.109278619,0.530880127,0.540833018,0.590789383,0.489588981,0.075827509,1,0.205892,0.278403004,0.223758684,0.669298533,0.225147819,0.60339693,0.656369375,0.276627487,0.548708277,0.143545439,0.270705763,0.557781274,0.356293944,0.433539539,0.261943825,0.573518741,0.694743713,0.281545039,0.405039225,0.398740948,0.538032215,0.388373116,0.453759846,0.294069206,0.06265659,0.635257579,0.158762447,0.157518309,0.551731218,0.127471153,0.495276439,0.22611549,0.267528286,0.254481586,0.17130112,0.067706005,0.821265537,0.525721125,0.220622267,0.432967276,0.441547172,0.297973295,0.280064155,0.527175791,0.333494746,0.475421771,0.648004049,0.42003916,0.583384303,0.476929842,0.212627819,0.516763996,0.298918748,0.527986997,0.394605648,0.595251292,0.583852582,0.213059931,0.749292002,0.60651838,0.284655245,0.541935296,0.230234627,0.278175493,0.591529768,0.458631454,0.257555882,0.632432758,0.499618684,0.181149372,0.410824299,0.102959734,0.170245113,0.069436774,0.32100232,0.299121426,0.32383289,0.163123468,0.19271295
DOM,0.572083082,0.640352149,0.648376186,0.517151383,0.429217971,0.573237184,0.678118986,0.519352174,0.626333869,0.614298598,0.652523704,0.51859249,0.566658097,0.700589948,0.573614402,0.511181549,0.521290817,0.343927795,0.721829807,0.604918951,0.205892,1,0.814573274,0.636968447,0.478428008,0.486149277,0.535439782,0.522200603,0.625158425,0.487142672,0.560424238,0.693440219,0.330138522,0.576936273,0.51929454,0.655266702,0.321120836,0.560381946,0.78834033,0.575806429,0.32120177,0.388683999,0.728099182,0.550864338,0.451135565,0.571666677,0.481217786,0.620828429,0.705841331,0.436302392,0.557536704,0.561117358,0.487666084,0.573812206,0.720116053,0.590644153,0.59870669,0.419694379,0.316500795,0.690941266,0.696730108,0.521943459,0.733157495,0.511624277,0.680374727,0.428065811,0.520082746,0.547412531,0.508507044,0.462853388,0.515722143,0.664256607,0.313904065,0.735949248,0.30377093,0.662732626,0.557246187,0.578927198,0.609349372,0.405833963,0.365644571,0.505809882,0.419751706,0.729012496,0.674764638,0.589243105,0.034078667,0.729324035,0.396092058,0.33349826,0.313579295,0.594275591,0.764149416,0.777039426,0.013885954,-0.164607042,-0.21196946,-0.189253169,-0.160922833,-0.132823358
EGY,0.623803027,0.459159262,0.72222261,0.565965759,0.502727256,0.578725193,0.689307598,0.570958395,0.483942338,0.595854845,0.65900756,0.578905405,0.424752773,0.550324424,0.413199061,0.551265006,0.555911188,0.344038504,0.546873263,0.431988669,0.278403004,0.814573274,1,0.491480017,0.535211394,0.535102646,0.588579139,0.551157203,0.615994591,0.503179343,0.412834051,0.583760139,0.402871197,0.645413937,0.589695021,0.49144573,0.370151984,0.652732124,0.666673372,0.604235883,0.40829196,0.501548813,0.763603607,0.608864596,0.367951338,0.492194673,0.552105429,0.468133955,0.640286851,0.591318242,0.415728959,0.637820188,0.29288085,0.62418506,0.563893691,0.508167673,0.498834383,0.501928259,0.400563455,0.717868683,0.769726235,0.650152296,0.667895526,0.574436491,0.731153717,0.448287772,0.594600731,0.620392794,0.327578974,0.564563237,0.570275171,0.562980904,0.366101285,0.649835464,0.305419783,0.654360449,0.599777297,0.662851922,0.471376337,0.449926173,0.357756472,0.567785747,0.453238332,0.587117284,0.512501189,0.634731724,0.124536768,0.753346947,0.554046658,0.402865538,0.322026547,0.716558247,0.654393908,0.621741212,0.076518044,-0.167079733,-0.124271558,-0.11311947,-0.082400751,-0.036517537
SLV,0.439440639,0.668521354,0.365788003,0.402149136,0.290882269,0.438803126,0.583388455,0.456368132,0.522454719,0.543642117,0.572216723,0.517544529,0.473431499,0.589423526,0.492303074,0.171511724,0.412981922,0.204815858,0.58703879,0.46563671,0.223758684,0.636968447,0.491480017,1,0.325430599,0.386090785,0.427668689,0.506095915,0.55776303,0.414693536,0.804258581,0.734998681,0.404822804,0.322179698,0.336217102,0.537055853,0.044790878,0.509579684,0.777262082,0.28796945,0.397761114,0.164058017,0.668435421,0.459981519,0.456838308,0.505004353,0.476841113,0.517467473,0.532646506,0.297388953,0.415731107,0.54855616,0.445672585,0.627628326,0.538475293,0.58162268,0.445225754,0.384703312,0.260772305,0.54667101,0.550802749,0.607943408,0.796353097,0.672510901,0.58334822,0.422656011,0.493339861,0.442932676,0.3326679,0.284569038,0.393983561,0.71617364,0.131539678,0.580824016,0.210444015,0.556634057,0.35140761,0.263929365,0.746195328,0.183029935,0.117213339,0.417014443,0.326193057,0.594495925,0.800257882,0.568034956,0.041105425,0.472676379,0.288487225,0.073851617,0.334765274,0.572996992,0.528988891,0.677285626,0.023882945,0.089819308,0.019923242,-0.027938875,0.049903212,6.82E-05
EST,0.426687918,0.377876261,0.543859625,0.706216883,0.864368157,0.564712311,0.524580467,0.685281459,0.256349165,0.434472547,0.718008006,0.65346768,0.182510166,0.196350655,0.213875288,0.703570263,0.601490077,0.579397054,0.557693308,0.149524559,0.669298533,0.478428008,0.535211394,0.325430599,1,0.258666259,0.756632578,0.712790863,0.408425193,0.669001732,0.358511739,0.439422084,0.62738366,0.630706321,0.54435625,0.35150699,0.50274125,0.736952584,0.437626218,0.642392669,0.393793562,0.738673417,0.602295345,0.50922985,0.442681477,0.327197111,0.796107239,0.325560563,0.210563221,0.59258343,0.240726756,0.637099452,0.201701903,0.513812512,0.341884046,0.265337681,0.301390307,0.679594216,0.625135876,0.397749404,0.592682034,0.485777174,0.411101345,0.405731449,0.739317408,0.408455349,0.674336825,0.723527476,0.356975378,0.488047215,0.699606425,0.372739313,0.543017629,0.318848968,0.494500929,0.601242375,0.817171418,0.81325808,0.244628046,0.900453016,0.579151171,0.382202794,0.632287366,0.330687134,0.266632269,0.776109421,0.361269994,0.535788855,0.68847475,0.504315529,0.194612834,0.611954651,0.339771616,0.352026797,0.307705151,0.269189863,0.305397012,0.215083517,0.268650339,0.303658072
ETH,0.631432296,0.454923064,0.367555283,0.184403017,0.282163221,0.491894252,0.41655945,0.252052979,0.701583279,0.565123411,0.319450218,0.416916833,0.628871396,0.492289204,0.769429094,0.217898038,0.318303848,0.127770239,0.312638018,0.484811333,0.225147819,0.486149277,0.535102646,0.386090785,0.258666259,1,0.208304878,0.261345002,0.700392369,0.174914416,0.506631574,0.580439881,0.158105065,0.262916859,0.143754831,0.514408958,0.291934277,0.236596834,0.512121295,0.166400633,0.289619237,0.242976388,0.589500668,0.49109312,0.377359666,0.480545689,0.129461542,0.53957989,0.45444152,0.285148003,0.502906415,0.32704818,0.463794914,0.289040343,0.747010487,0.384658429,0.475854449,0.256111116,0.13577632,0.422075873,0.329831075,0.541464855,0.558376958,0.582899416,0.407946821,0.167511915,0.140312717,0.227204458,0.376716099,0.423301564,0.197306055,0.477829267,0.159029315,0.709891248,0.250769828,0.263899597,0.246774755,0.350583965,0.351852525,0.189271434,0.292229521,0.801120305,0.11727954,0.535113928,0.380176385,0.278699687,0.190034509,0.702002035,0.191236134,0.349256556,0.453971831,0.495369101,0.466591374,0.440952578,-0.021169491,-0.100333931,-0.111440296,-0.090690362,-0.06856485,-0.060824584
FRA,0.346914126,0.441426083,0.56172818,0.82988365,0.686232984,0.476228278,0.561525263,0.768399327,0.16503258,0.374567423,0.856215739,0.719315945,0.183316996,0.237587668,0.131318309,0.72134657,0.689238791,0.541067245,0.588545442,0.250964248,0.60339693,0.535439782,0.588579139,0.427668689,0.756632578,0.208304878,1,0.83401338,0.373458219,0.798518317,0.270979411,0.397989484,0.66410906,0.584545612,0.592845114,0.405012933,0.440432669,0.844690468,0.442041228,0.653421943,0.306923999,0.505153806,0.588074679,0.520044725,0.331888637,0.409199338,0.820876993,0.268072515,0.374257972,0.57822689,0.18358408,0.733047442,0.167799883,0.635115211,0.294922162,0.477063537,0.340860383,0.784045834,0.720511846,0.539432087,0.704513073,0.509510228,0.462616122,0.543660896,0.722145016,0.483620534,0.769027583,0.848699407,0.29967355,0.518586326,0.672946215,0.484462154,0.524095109,0.316511869,0.445660528,0.649253288,0.819702943,0.749441324,0.351468089,0.70829671,0.556060086,0.284389987,0.597622476,0.407171421,0.371582763,0.839463283,0.126797969,0.530390199,0.812243114,0.484324659,0.176799263,0.562873029,0.376275603,0.50170418,0.134123799,0.163846116,0.18698214,0.118728362,0.180590161,0.078366757
DEU,0.408128672,0.494442319,0.505823309,0.758468757,0.75872143,0.518510809,0.507320023,0.836161665,0.249210835,0.455080044,0.808161913,0.769174319,0.209671157,0.305795952,0.209031888,0.643829971,0.671051164,0.568560486,0.592938622,0.302241812,0.656369375,0.522200603,0.551157203,0.506095915,0.712790863,0.261345002,0.83401338,1,0.4328219,0.74298996,0.352383412,0.5237441,0.653741123,0.533579738,0.584683924,0.477065109,0.51976079,0.824923092,0.501524577,0.635388221,0.354001199,0.475586757,0.665036751,0.566350589,0.360459163,0.368771598,0.742495787,0.333878605,0.367825096,0.55659526,0.219343044,0.725658099,0.337196361,0.583414304,0.392061062,0.443283533,0.338077332,0.848429157,0.626977045,0.488120341,0.689587035,0.563279027,0.514145578,0.605580265,0.711718672,0.467417554,0.775671076,0.768058551,0.362414184,0.485475754,0.722414212,0.458616007,0.497827853,0.385545052,0.437805652,0.619821371,0.740694904,0.659998719,0.405979385,0.685153617,0.596951234,0.347538475,0.56595397,0.421596932,0.438692057,0.796195688,0.270680305,0.484675484,0.741673303,0.555102265,0.222680189,0.606473799,0.36194571,0.55610745,0.117712603,0.282891459,0.251945912,0.223084957,0.168964225,0.128679913
GHA,0.736223969,0.430246968,0.48152629,0.3184589,0.361754814,0.601903033,0.490548325,0.45466534,0.840779177,0.758572904,0.484624813,0.541821023,0.78901725,0.46655825,0.792030272,0.331320313,0.509790395,0.140983657,0.400127443,0.544230335,0.276627487,0.625158425,0.615994591,0.55776303,0.408425193,0.700392369,0.373458219,0.4328219,1,0.386271583,0.487979032,0.590967435,0.323683397,0.378088453,0.263330085,0.678341117,0.525416818,0.428990834,0.701561646,0.317814686,0.241837622,0.3600765,0.744375602,0.656440161,0.498103813,0.500952722,0.38883971,0.655380274,0.486282701,0.304433951,0.689593402,0.469981656,0.557292379,0.577319025,0.745591933,0.368872733,0.509424435,0.326555047,0.280700246,0.453093152,0.502280102,0.531470588,0.631765774,0.631268433,0.539546667,0.319622615,0.351577231,0.370986128,0.504329865,0.590741736,0.41036034,0.537540864,0.234349043,0.77661478,0.471735896,0.46422734,0.407605485,0.437363269,0.406323994,0.266631628,0.524351249,0.897617258,0.333109375,0.717327413,0.584021846,0.475286038,0.270798744,0.713612746,0.253397782,0.470460582,0.493563996,0.571311956,0.622646802,0.549055718,0.039875885,-0.071275603,-0.102912306,-0.078244724,-0.011937689,-0.05334016
GRC,0.408787217,0.401960214,0.52810585,0.749391561,0.589528597,0.390120015,0.484932105,0.657554928,0.241420188,0.448199125,0.796034836,0.804379884,0.196350436,0.19444631,0.182875749,0.60367959,0.718696973,0.444156552,0.576653456,0.312232763,0.548708277,0.487142672,0.503179343,0.414693536,0.669001732,0.174914416,0.798518317,0.74298996,0.386271583,1,0.217169439,0.365195109,0.585944923,0.494932238,0.580616335,0.443508643,0.514272338,0.823998801,0.388001106,0.559576937,0.256492367,0.51811418,0.516099475,0.57272592,0.428311913,0.251792543,0.768234469,0.263159125,0.307290869,0.510905436,0.185881669,0.670406978,0.304496764,0.593383899,0.355849345,0.395376108,0.265714859,0.704521633,0.719324187,0.474759035,0.640719045,0.397102076,0.37524582,0.577831434,0.690794096,0.56708275,0.786918954,0.838352522,0.396317408,0.529737488,0.659078985,0.408027008,0.495233537,0.371131232,0.411316438,0.605287402,0.75374509,0.630258699,0.262633443,0.662396951,0.537087742,0.270054235,0.529532455,0.442417875,0.372126768,0.785754965,0.264273697,0.533131882,0.700514523,0.445456672,0.152265036,0.486944524,0.347998089,0.512570122,0.092794823,0.11458467,0.110244125,0.065536266,0.227451628,0.076323374
GTM,0.424649812,0.567543605,0.353951388,0.229439895,0.320543361,0.431852561,0.558892044,0.305292088,0.521377248,0.54482341,0.383956281,0.355570372,0.491056025,0.628477017,0.576099097,0.125997176,0.261199008,0.155812092,0.508946063,0.383090122,0.143545439,0.560424238,0.412834051,0.804258581,0.358511739,0.506631574,0.270979411,0.352383412,0.487979032,0.217169439,1,0.762163349,0.316054212,0.231287825,0.208390054,0.515679131,-0.035299169,0.303665057,0.700474144,0.303512065,0.408727399,0.248258162,0.591094856,0.365265969,0.463003964,0.506593028,0.285028553,0.526315371,0.433466723,0.2630681,0.410472204,0.438584166,0.415248416,0.52982986,0.550440149,0.42267794,0.535439829,0.226361463,0.079538137,0.44684885,0.352149648,0.530365662,0.738103436,0.545531866,0.499068721,0.289684161,0.338324744,0.247173454,0.251906262,0.190618939,0.366551991,0.651884599,0.133239401,0.511921867,0.128847076,0.452885101,0.294197294,0.308180616,0.649057493,0.209460452,0.052577317,0.445816323,0.29803214,0.499935975,0.58921157,0.368355916,0.079174345,0.420783011,0.137954623,0.036802913,0.305844641,0.572481236,0.514224958,0.485341336,0.1297655,0.1146187,0.043042891,-0.020442822,0.049115199,0.162941305
HND,0.596044307,0.711485687,0.436342153,0.365882685,0.461868903,0.46454089,0.619695187,0.362193078,0.690020922,0.588730492,0.517507656,0.49864734,0.652013669,0.594609608,0.611278461,0.264346574,0.310955955,0.272368051,0.632743866,0.583777951,0.270705763,0.693440219,0.583760139,0.734998681,0.439422084,0.580439881,0.397989484,0.5237441,0.590967435,0.365195109,0.762163349,1,0.435074803,0.411805881,0.300136359,0.58228635,0.11567645,0.447572907,0.759448917,0.411179352,0.333012674,0.339139399,0.741599232,0.503838866,0.560097963,0.567978622,0.338956678,0.593062685,0.546868817,0.383298676,0.532143224,0.498866919,0.508040933,0.5549789,0.720649465,0.539079954,0.495800161,0.397960798,0.18612248,0.531530697,0.507693147,0.689641325,0.837436736,0.59909707,0.606914765,0.23235294,0.501685863,0.397199464,0.36118213,0.302333672,0.508789995,0.730594693,0.296578681,0.687332259,0.122777867,0.4501476,0.413268945,0.433552321,0.551286795,0.365279497,0.172913804,0.571012192,0.333582923,0.596608243,0.599797229,0.479906981,0.127073292,0.596062681,0.294885363,0.174954822,0.268552512,0.755436623,0.626851796,0.703091088,0.072337674,0.057729529,0.002316,-0.063500054,-0.000936367,0.063397127
HUN,0.331839446,0.417691934,0.394286562,0.619879639,0.605958314,0.572996476,0.459644313,0.530580258,0.268626667,0.240025443,0.616530756,0.65139999,0.158648388,0.207828258,0.19546815,0.431402887,0.475362902,0.441703495,0.441502034,0.200392761,0.557781274,0.330138522,0.402871197,0.404822804,0.62738366,0.158105065,0.66410906,0.653741123,0.323683397,0.585944923,0.316054212,0.435074803,1,0.288036198,0.354856967,0.224612347,0.340550454,0.672792786,0.292686273,0.546477405,0.222000758,0.453591324,0.479514462,0.448958555,0.518152787,0.240846241,0.571126649,0.26265434,0.210182687,0.45657607,0.202776129,0.516349836,0.098043774,0.573944818,0.229670439,0.287123446,0.339324795,0.593517074,0.476714895,0.353111058,0.561373554,0.508769154,0.338262508,0.439026715,0.512234777,0.351863874,0.695143738,0.669200103,0.099704337,0.357713469,0.604568254,0.312631238,0.493186243,0.217057258,0.375807845,0.443354174,0.576640445,0.615387992,0.347007356,0.600991952,0.397632511,0.328404466,0.40323441,0.21585681,0.383139238,0.609792804,0.331731322,0.367925884,0.578878668,0.254151966,-0.059598691,0.560099008,0.341336772,0.395652879,0.295203036,0.305254754,0.353304375,0.278254716,0.325282871,0.274032314
